23

11111111 1111 Ε1111111111111611111111, 11111 ,1111111111111111111 11111111
1111111111111111111111·111111111111111111·111111111111111,
1111111111111111111181111111111111111111121 1111111111111, CC
111 1111111 11111 111111111111111111 1111111111 1111 22, 81111 1111111 CC
11111111 111 1111111 1111111111 11111 1111 11111 1111111 11111 CCC. 4J 2.
ι 1111111111111111111Ε111111111111111Ε111111111111111111 1111111111
11(1111111111111111111111111111111111111111111111111111111111111111
’ 11111111111111111111111111111111118111 111111 1111111111 1111111121
ἶ 811111111111111112911111111111111111116111111 1111111111111111111
² 11111 1111111111111111111111111 11111111111111111 111 31111111111111111111111111
1111 1111 1111111111· 11111111 CCC 111111 11 11111111 1111111’ 11111 11111 111
1111111 1111111111 1111111111111111111111111111111111111118111
111111111111111111111111111111111111111(1113111111
1111111 111 1111111111 111 1111111 111111111111111 1111’111’ 11111111 611111 111111·
’ξ 1111111111. ,

C. 111-111, 111181111111111111 111 111111 1111111111 11111111
111ὗ1111 JCJJCJCJJJJ 1111811111 1111111111 1111 1111111 1111 1111 1111.

1111111111 1111111 111111 11111111111111111111 11111111111111111811 111111

1111111111111111111111111111311111111111111111111111111111
111111111111111111,11111111111111111111111111111111 1111111111

11111111811111111111111111131111111111 11111111 11181111
11111111111111111111111111111111111111111111111111111111111111111

1111111111111111111111,111111111111111111111111111111111111111111
11 11111111 111 CCJJ 111 11111111111111 111 1111111111 1111111111
:CC 1111111111 111 1111 11111 1111111, 11111 111111 111111 11 1111111111

1111111111 111 1111111111, Cena 111 CCC 1111 11111111111111111111111

J 11111111111111111111111111111111111111111111111111111111111111111111111111, 11111
ζ 11111111111111181111111111111115111111111Ε111111111111111111111111111111·
’ ‘V' ’1111111111 11111 11 111111 1111111 111111 1111111111111111 1111 [1111111111
’. 11111111111111111111111111111111111 1111111111111111111111111111111

’ · 1111111111111111111111111111111111111111111111 1111111111

J 1 1111111111 11111 1111118111111111 111111111111111111111111111 111111·

1111111111, 1111 111 1111111111 1111111 1111111111 111 ’,111-,- 1111111111
J 11111 111 111111 1111 1111111111111111111 1111111111,
C. 16, Cenn 11111 1111111111 11111, 11111111 111 1111111111111111

J 1111111111111111111111111111111111111111111111111111111111111 ,
C JJJJJJCJ 1111111 1111.

 

