1111111, 1111 111 1111· 1111 111111 1111111111, 11 11 1113 1111111111
1111111111.

1111111111211111111 1,1111111 1111111111111, 1111111, 11111111 OEb3 11 1111111
1111111111111111111111111111,1111111111111111111111111111111111
1111111111111 11111111111111111112111111111111111111111111111111ῶ111,111 1111111
111111111111111111111111111111111111111111111111111111111111111111

1311111111111111111111111111111111 111 11111111 11111 11111111111111111111
111111111111111 3313 ’

81111111

33231—13 1111111111111111 111111111111 1111111111
11111 313 1,11111 11111111111111111111,1111311111111111111111111111
111111111111111 21111111111111111111111111,11111111111111111111
1111121111111111116111111111111111111’1111111,11111 11 1111111111

1111111111 11111 1111111 1111111111 11111111 11111 111111 1111111
2111111 1111111111 11111111 11111 111111 1111111111111 (11111 3313331
11111, 111111111111111111111111111,11111111111111111111111111111111 11111 1111

111111111, 1111 1111111111111111111 1111 1111111 11111,1111 1111 1111111111

11111111 11111111111111111111111111111 11111111111111111 311113331

111,11111 1111111111111211111 1111 11111111111111111111111111111 ’

1111
19111 111 1111111113.

311111121111.

11. 11--11,

211 1111111111 11111· 111 1111111111, 111 11111 1111111111111 1111111111 111

1111111111111111111111111, 11111111 ὁ11111111111111 11111111111111111111

111 111111 1111111 1111111111111111111 1111 111111111111111111 1111111111111111,

’11111111111111111111111111111111111 111 11111111111111111111111111111111 1111111115

11111111111111111111 21111111111111111 1111111111111111111111111111111111 1111111

1111111111111111111111111111111111111111211111111111111
121111111111111111111111111111111111η1111111111111111111-1121,

11111111 111 1111111111111111 11111111111111111111111111111111111111 1111111111 - „

ό

 

