19

19111 111 9111911 11911 11119 1911 ’11111 11111911111111 111911 19111911
9911119111 91911119 11 91111191111111111911 9111111 9111111, 119911
91111919119991111111111119111191111,91911191111119 91191,
η·1’111911119111,1111191111991119111911911911191911111119111 ³³
‚ ····· 1,111111 111111 9111 Q 1. 111, 211111191191111911111111111,
’ 9119111111111111111191111191991111991111119111111111111191111111
neo cannirem 9111 1111111111 11911· 11911191 111 9, 9, 11,, 11111911 dmm.. 911
9191111111111111111111111911 191211911191911911111111119
111-1111119911·,1,1119111 1111 91111119 111 111191 1119111191 1119 11119111 19111.
“ 99 11 9919191111, 11191111 1111111111 11111 1111 911111
11191111 11111111, 911 1111191119 11191 111 11119 191111119191911191,
11111191111119. 919 9911919111911911199111111 1191911119, 11111
9111111 1111111111· 191191 11119111, 1119111119 1199111 1191111911, 911111
11911919 1911119111 11119111 111111 991111 119111 11119 1111 9119119111
191111 9191911. QcIJe 9111111, 99 1111 9111111 1119 1111111191-1111111
9111111 1111191111, 91111 1111 191111911111 1111111111 11111 9911111 119191
311911111991111, 19111911199191 9119991919 1911911111 11111111
9111911 11111119111111111119 9111111111 11111119111911191111 ’11111191
991111111 11111111 1111111 9111 1111199111 91 911 9119111111. &ciue
11111 1111111 11 19 311 Q 1111111111 919 ,91111119 111191 111 111 19111111 11111·
911911 9119111111 91111111 11119 9911111111111111111911111111191111
191111 91191111 1111119111 1119111111,111119 19 1111191911119111111911191,
111111 911111, 9111911 119 911 9111111191. 11119 11 11119 111191111111111
9119111119 1119 111111 191111 1911 91111 1111,11 11119911 91111111 911 ,919111
1111991111, 11119 9191111911 9111991111111911119111199111,191 11119
911 9111111 19111 91111 19911191111111 111119 111111 111119 911111111 1111911
1191111 9111191111, 11119111111191119191911991119119119111
, 99111111111191911111111111111111111911111111111111911111111911111119111
19111119 111119, ,
’ Q. 18-23. 9919191111, 1111191911 91111911 1111911111111911
91111, 1119 99911119111111111) Qu3cn3'Q 1119111, 1111191 91119111
11 1111,91119111111111111199111, 9111111 1191191111 11 11191 11119111111111
91199999119911111111111111111 9111111111111119119119
91,11111 111919119911111911119 911 9111199111,111111111 1111191111
1111111191119991119119 1191191111191191111111191111191119119111111
11191119 9119191911 9111111911, 191911 9111111, 911 111111 11119 111

191111911111111191911111919191911111191.11191911191191111111
,1,

 

