μ 111

’1111111111 111111 119 ]111[11111111 11111 1111131 111111111111 11 11111111111111
[11111111111111111111,11111111111111, 111111111135111115111111
1119111111111111111111119111111111111111111 11111111 11111111
311111'1 1111111111 1111 111111111111111111111111111111111111111111,
1 11111111 111 11111 1111111111111111 11111 11111111111111111111111115111111111

, 111 [1111111111 1111111111

53 21-29, 11111 11111 1111111111111111111111111111111111111111
11111911111111111111 1911111111 551'111111 1111111111111111111111111111
511111111 5111„ 111111 1111111 111· 1111 111111,[1111 111111119111111, 11
11111 1111111111 11111 19111111111111111111· ,9111111

3 9111111111111111111111111111119111111111111111 1111111 1111 11115 5111
'5111111111 1111111111111111111111, 11 1111111111 111111111111111 1, 1111 111111
11111111 &111 1111111111111111111 1111, 11111 5. 1111111111 111111111111111111111
3 1111111ῧ11111111 5115 [1111111111111111111. ’ ⁷

55 13-25. 11111 11111 111111 1111111, 11111 111· 11111111 111111111

1111111111111111 111· 11111111 111 1111111 11111 111, 1111111111 11, 111

11111 1111111 ’11111111 111 1111 1111111111, 1111111 3111111, 1111 111

1111111 [11111111 11111 1111111 111 1111111111 111· 1111 11111 1111111111

1111111111 111111 111 1111111 1111111111111111 111 1111111111111111111111,

11111 111 11111 1111 1111111111 1111111 11111111.

1111111 11111111 111 111111 111111· 1111111111111111· 11111111111111 3111111111
11111 111111111111111111111111111111 1111, 11111 11111 111 1111111111111 11111111
1111111111 511 511111 11111111111111111111, 11111 515 111911111111111111111111111
11111111111111111111111111111111111111111111111111111111111111 1111

³ 11111111111κἶ111111111111111111111111111111111111111111111111111111 -

¹ 1111111111111111 1111111111111111111111111111111111111111111111111111111111111111111 .
ἶ 11111 [1111111111111111[11111111111911111111111111311111111111111 1111,111
ῧ11111111111111111 11111[11111111111,11111111111111111111111111111111111
511· 111111111191111111111191111111111111111111111111 5115· 11111 91111111 1111111111
1·1 1111111 (1111111111 11111111 11111 1111111111 1111111111111111111111 11,1Ι1 111, 111·
11111111111111111111[11111111111111111111111111111111111111111111,111111
1111111111 111 1111111 51111111 1111 11111 1111111 11111 1111111111111 &tu 1111111111,
151111 11 111 1111 11111111 1111111111 1111111111 11 1111111 111111151111 1·1
311111111111111111111111111111111111111111111111191111111111111111111111
1111111111111111111111111 1111111111[1111111111111111111111111111111111
1111111 11111 111 [111111 (11111111 111 11111111111111111 1111 111111111111111111111
ι 11111111111111 111 1111111111 5111111 [1111111 1111 11111111 511111 111 1111111111

 

