..111 .

111111 1111111111 11111 11 111111 1111111 11111111 11111111 11511115113 1111111,
1111· 11111 1111111, 11111 1111 1111111111 111 111111, 111111 1511111 111111111-
1555 1111111111, 555 1111111111 111111111111111111111111111111111111111 111
111111111111111111 1111111111 1111,

1111111111111 111 11 11111111, 1111 111 11111 1111111 1111111111111111
1111111111 111111, 1111 5515 11111111111111111 11-21,1111111111 1111111111
111 11111 1111111111 111 31111111 1111111111 111 11111111 311111 1111111111, 111111
111»,1 111111 31111 1111 1111111 1111111111111 1111111111111111, 11111 111 11111111111111
111111 5111111111 111 1111111111 1111111111, 11 5555 11111111111111111111111111
1111111 111 1111111111111 1111111111 111111111111111.

<5 11-255. 355111 111111, 1111 11111111 11111 111111 ,1111111111 11111
11111 1111111111, 51115 1111111 11111 111· 1111111111 11111111 111111 111111 11111111
11111111131111;111111111111111111111111111111·’1111111111111111111111
111111111111111,111111·»111111111111·, 1111”11111111111111111111 ’1111111111
511515 155551 11555 1111111111 1111 1111111. 11111 1111 11111111 111111· ’311111
111111 1111111111111111111111 1111111 11111, 11111111111111111111111111111111

C151511r15 111 1111111111 1111 1113111111111111111111111111. ’1111111
1111111111111111111111111111111111111111111111111]Ξ11111111111111111111111,
551 1111131111 1111111 1111111111, 1111 111· 1111111 111111 115 52511115551:
1111111111 1111111111111 3111111 111ἱ 1111111111111111111 1111111111111111
11555511 Cic 155555515 ,11111111 1111111 555 1111111111111111111111111111111111
111111111111111111111111 1111111 11111111 111 1111111,1 11515 111 1111111111
1111111111,1111111111111111111111111111111111111 111111111111111111111
11111111111111111111111111111111111111111111111111111111111 ,
11111111 111111 11111111111111111 1155515 1111111111, 1111111 1111111 1111111111
11111111 1111111111, 111111 111111 11111111 3111111111 1111111111111 1111
111111111111 1111 1111111111 111 11·111111111111111111 3111111111111111 11111111,
1111111111111111 111111 1111 1111111111111 111111 111111 1111111111ιῦ
1111111111111111,111111111111111111111111111111111111111
111111 1111131111111111111111111111, 11155 3111111111 11131111111111

111111 1111111111111 555· 11111111111111 11111 111111 11111111111111
1111111111111111111111111 15 11111 11111111 1111111111

Γ.
’1111 11111111 1111111111 111111 1111111111 555-5 111 1 1111. 111 11111111
1111 555 31111111, 111 13111111111111 1111 515 11111111111111111111111111
’1111111 1111111111 1111111111111111,

 

