’ 11
11111111111111111 1111111111111 1111111 111 1111 111 3111 111 11111111
1111111 11111111 11111111 11111111 1111111111 3 111 11111111111111111111111111
1111111111111111111 11111111 1111· 111 111 1111111111 1111111111 QssraeQ 1111
ἱ 11111111 1111111111, 1111111 1111 111 111 1111111111 111 111111111111111 111111
111111
51116-2111111111111 1111111111 11111111111111111 111111
111111111111111111111111111111.1111111111111111111111111111
11111 11111[1111111111(11111111111111111111111ῧ111111111111
11111111 1111111111111111 1111111111Μ1111111111111111111111111,
111111111111111111111111,11111111111111111111111111111.11111111111111
111111111111111111111111,11111 111111111111111111111611111111111
111111111111111,11111111111111111111111111111 1111111111111
111111 111111 1111111 1111111 1111 111 111111
1111 11111 1111111111111111111311111111111, 11111111’ 111 111· 1111111111111113111
111111111111111111111111,11111 1111111111, 1111111 11111 1111111111 1111111111,
111111111111111111111.

3.

Q

11111111 111 (1111111111 111 1111111111 111311. 11111 11 Q. 21, ἱ).
11111111111111 1111111111 11111 1111111111 111 33, 1. 111111 311 1111111111, 111
111111111111111 31111111111111111 111111 111111111111111 111 11111111 11111111
11111111 111 1111111111111111111 1111111111 1111 111 11111 111 11111111111111111111 111
1111111111111· 1111111111111111 11111 11.1111

Q..33Q 1-1.111111111111111111111111111111111111
11111111111111111111111111111111111 1111111η1ῗ1η111111111111111111
111111111111,1111111111111111111,11111111111111111111111111111,
1111111 1111111111. 111111, 111 111111 1111 11111111 111 1111111111111
1nir3 11111111111111111 1111111111111 1111111 1111111111111111 1111 111 111111
1111111. 1111111111111111111111111111111111111111,111111111
11111111111111111111111111111111111111111111111111111111,1111
1111 1111111111 1111 111111111111111 11111 11111 1111111111 111· 1111111111
1111111 111111 11111111

11.-5 1 111111111111111111111111111111111111
6111111111111111111111 111111111111111111111111 11111111111111111
11111113111111 1111 1111111 1111111111 1111111111 1111 11111111111111111
11111111. (1111111 11111 11111 11111.

 

