5 ,

111111111111151111111111111111111515111111151111151111111111
5151111 115111 11111151151 11111111111 11 111 11151111151111 51155
1111111111 51155111 1111155111 11511115 11 11111111111111115
5115111115111111111511111511515 51 15111111 (1111111115 111551
51111115 1111 11111111111111111115111113111111111111511
111111111511111151111115 5151 5111111511111111151
1111115111111111515115111111551111115111151111111’
QeQ 11Qt 5111115 11115 11111 1111151 111 11111111111511 1111115111 5515
111115 51 1511115111151 511151151515 115 111 1115111111 15111111
111 111111 111111111115 111 QQQ 1155111111 1115155111 5111. ἢ
Qus} 111 111111 1155111111 1115111551511511111111111115
111 1111511 ,15511115 1111 1111151111551111111151’11111 5115111111
111511111 1115 11111151511111 11151111 5111 15115 1111115 1111 111111
’ 5115111111 111111151111115111111111151 (11111111111111151
1115111111511511111115111151111115511111511511115151111
5111 1115 11151151 1115111155111111 1115 11511 1111151115 11111 1115
11551111151111115 115111 11111111111115 11 11111 111 1115111111511
1111111111 11111115511151115 51 11151115 1111 111 111111111511
11115111 1111151515 1111111111151111115 51 1151111 11115 11111
511115111151 11551 1511111111111111515115111111 11111115
1111111151111115115115111 1111115511115151151111115
111115151111111111151111 1155151111 1115111 111 5111111511 111111
11 1111111151 111111 1151111115 1111151111111111515551111 1111
1111151 1111 1111115111 5111 111111515111 111 1111111111111111
5111115 1111 1151115 111511 1111111115 1115111151 111 1111
1115 1111151 1111111111 511511111551111515 5111115 5115111
511151 51111151111115 51111111 1151 1115 111 51151 11115 51
11111 151151111511 111115 111 111 115151111111111511 5111115
51511 11111 115151 111111111111151 15155111 5111111151 11151111
1111115111111111111511111515115 51115 11111 11111511 1111111111
51111111 11111115 1111111 11155111111111515111111111111191
111115111111151115151115151111151151151111111111

 

l

