Ξ
ΞΞὲΞ-ΞΞΞΞΞΓΞΞΞἚΞΞΞ
333333333333 333333
¹33333333333333333333333033333333333333333333333333
3333333333333333333
p333333333333333333
335333 333333 ΣΞ 3333333333
333333 3333333333

333333333333333333 3333
33353333323333233 33
3333533333333333 333

,33

, 3333333333
3333333 {33333333
333333333333333
333333333333333333
333333333 33233333
333323333333233335333
3333335333333333333333333
3353333333333333333
333353353 3333533333
333333333333333333333
ΞΞΞΞΞΞΞΞΞΞΞΞΞΞΞ
>331333333313 {33:33333
Ξῖ ΞΞΞΞΞΞΓΞΞΞ
33333333333333333333
333352333 3333333
3033333333533: 3333
333333333333333313331
1333333333333335333
3335 333 3333333333 ΞΞΞ,ΝΞ 333333
3333} 333333 333 33333 3333 3333333 333 333333333 33 333 333
33333 33333333333333
33:3333 33333333333
333333ZZ333333233
333333333333333 33:233333

, 3333333333›3333 3333 33333333

,Ξ ,

 

