9999999919), 5 34 144444441111441413141111 413111114441414344411434
1 14144 999 '41144 3113 431 11444 1144 44414 4134 4141141444 99999999, 2 1414114
41411134'14441114411413111433 144434 9999 41444 4134144 433111143 3444 31111 344414114
3141 314414 1144144 41113111 41 144 3444'114 4411114 431311 3414144 31131114144441 44144·
1144441114 314 444444431141 4414411111444 1141414441 411 311· 14411J4341'44‘14441 3444 411
344131114131111414 444444 4141114 443414 9 443411411331431414 444144341414 141 14431 1441
114 311 4411 14413114 3444111141113 341111131 3144413 13441434444144414 Q41114111134
414114141143411114 9999999999, 441441311144341 314441444414144441114111
444443114431444131141441Q4441111444411111444414441'4 1411431 999 4311441 4311·
441444144'11144311114111441111414144431434441411Q411411 4341341414441 41113'
44 3 434441444411141341441141 4111441311141 314Q411444144114
491113 444 1111444 441-1111.
3444> 3144 3411411114 4434 3111 31144444 314 34131 1111,
344-3 12 31134441114144441411C111 14111314144444414 414111
343 3141114111443141 1111113111434 414441'4414414114111 444111 1441111111413 1114
1111331413414141111113111111114411414441114114144411 34 1311·
314144144444 41113411 4141444114144411411141444414 34141411144114444
141111Q414114114443 111414111141144444111441334411 31111141441111444:
Q4114444311414111‘41141141144111111143411441? 344114 11444444434411441
1114334144444144144431111114444141344444411344414414414444Q1111111441111141

l>314141341134 3411111111431143 3413414441 314 43431111141414113141 333 ,

111344441134'14344 444111114314 31411414111414113Q41111114411 4441441 4144 1414 4
4441413111 144411113411111431131444141444413144444414414414144'14111
314114141111 11113 41111 1111113344314 1411 144114 34113134144441444 414114 311
4441144 4111134141411 314113331441C11411113 1114 111444414 3144 ¹
314144441444111431 44141111414144111344341114443411414144114411111411144413
3133'1414433111344'4414414331141334114444343 Q4141441344411143441444
999-19, 999999 14 44141444: 3114144 999 444114411 11114414· 4113
4144 4144 41441413144 11113 3144444 11414111 9999999999, 311111 4444 3411 441444 444

4414441441344344144114131414441441134141‘1114314141111134114111134
Q41144 4441· 4414 11144131 444441134 1113 99999 1414 4444 414131 4411'114 3333 13
31411141411111314·3344147 444111111141144441111 4114444444134, 4131 114 999
44141 314 4 1114414141114111113 13 4444· 9999999, 999 3114 4444 41411 11113
441144411114 1114 41444111134441444— Q144 999 9999 4444 44444111411444314
311143143111444441114131431C141441441144414441431434114314441
441444? 3443 1331 3143111411141311 41141414141 1113 341114 3143

 

