20

33333333 3333333 33333 3333 3333333333 11 444 63333333 333 3333 (33333333 3333333333,
333 333 144444444141144 3333233333 3333333 333333, 11114 33333 (3333333 33

3333333 33333333 114 41
31 333 333333 333333 33 33333 3333333333 6333333 33 3333333333, 3333333 333 63333
333 333 633 33333 3333333 3333333 3333333 3333333333 33333 23333 333333 333 33333 3333333
33333 3333333333 333 33333333 6333333333( 3333 333333 3333333 333 444 33333333 333
11114 6333333333 33333333 3333333333( 3 4444 2333333333 4„ 444 3333333333.

23 ,23 23. 6333333 3333333 3333333333 33333 444 333333333363333333(
33333333 1114444 ,33333 4111 3333 33 33333333 1441 3 3333233333( 3333 3333333
3333, 33333 414 3333333333 3333633333 3333333 3,3333 4444 3333 333333333333
4141 6333333 3333333333 4414 4244444144411 11111114 44414444411444 4441414
43414311144444444141114114444111144414344111441444444444444

33 4144411 333333 ,333333 33333 3333333 3 4114111144414444 44„ 4114

3533333 333 333 3233333, 33333 3233333333 14444 1411 1414 141 114 33333 3333
(33333333 33333 333333( 333333 333333 33333 3333333 33333333 33333333 3333333333
333333 3333 111444141141 33 144

63333633 33333333 33333( 3333333 3333 33 41444144 3333333333 3333333 333
(3333333333, 33 333333 444 3333333333 3333336333 333333 33333333 33 63333333 333
33333333 3333333 2333 4414 33,(3· 23, 333-30, 2333 23), 4-14

23 414-34 44 3333333333 332333 4111 3333332 3333333 33333333 411444
3333333 33333333 33333333 1414 3 3333 414 33 3333333 33 444 44444141414 33333333
44. 333333 444144„411111 6333333333 444411414441444444 333333,

3333333333 33333333, 3333333333 3333 3333 44141411111 3333 2333 33 411 3333333
3333 3333333 33333333 11411 3333333 633 3333 63333333333333333 3333333333 1144
3333 3333333 333 3333333333 63333333 3333333 3333333333 1414 3333333
3333333333 11114 333333 33333333 33 33336333 6333633333( 33333333 4414444
3333333, 44 331333 1414] 333 33333333333333 333 3333 3333333 33333 333
3333 1144 3333333 333333, 44 33333 333333 33333333 3333 4111 6333, 3333 444
233333 414 33333333, 3333 3333 63333 3333333333 33333, 3333333 3333333333
3333 411 33333333 3333333333( 444 33333 333333 444 33333 3333333333,

3.
y 6333333333 3333333333( 3233333333 3333333333 41 3333 3333333333 3333333, 34,
414 32, 414 33333333 33332 23333333 33, 8 4411 441 444441444 3333
233333 3333 3333 333 33333 63333333 333333333333 3333333333 3333333333 3633333333 411

23 14-13 414-4444 44444 11 (3 333333333333333 411 414 3333333 3333333
2333333333 333333 3333333333 (33333333 33 6333333 114 23333333333333

 

