99
”-,13 1111111111)191111111111111119111191911111111111111111
91111191111111111111111991111111119911911111111111119111119111111
11119 911111111111111111111191111,111111111119111119111111111111111,1111111111
111111 11111111 [1111111111 91119111111111111111119 11111 1111 9111111 1111
9111 911191111111111111111 11111111191111 ,,9111 1111111111
1111111111 111111 11111111 11111111 111111 911111 1111111119 99111111 91111111
9111 1119111111ιῖ 11191111911111111111931119919111111 911911,
91111111 1111191911 9111111111911111119111111111119111111111111
9911111111 11111,1111911111111111.“ 91111911,11191111111111119111111
1111111111111191111111111111111111191111111111,111111 11111111
1111111111 91111911111111111111191911111111111111,11 111 1111 11199
111111119111111111111111111111 11911111 11111 19 1911111111 11111911
9111111199191 1111 99191111 111111 911911 99111111 111 13 C113111133
91111111 1111911111 1911111111 111911111111111, 11111 1111111
1111111 1911191111 1111111111 1111111111 1111 11111 91111111111119111
11111111
Q31C1131 11 11111111, 11111111111191 11111911911111, 1111911191
1111111111111111911111199119111111191111111111111111, 111111111111191, -
1111111 11111111
Q ,11- 20 Q11111111 119111 11199111 1911191911 ,1111 191111 1111 119
6111111119119111111111119111119111191111111111911111
11111191111111111111911191111191111111111111111111
11119911991111111111111111111, 111119911111111111119111111111
311333131111131131331111131131333111111111311311 31131311111111111311112333
11111111 1191111111111111 13311312* -11111111 1191111111 1111111111
911119119111111111911111,91111911111111119111111111111111,
1111111 ’911111 111911111111111, 111111 191111911911111111 111111 99111114
11111. 911 1111191, 9111111111 1111111 311 1111111111, 1111 1111 1111111 111
9111111 3111 1511111111 11111111 911111111111111 111 91111111111111. 11111 1111
11111111111111 9991111 9119111 1111 911111 11111111111111 111 1111111
11111111 9111119111111111191111111911191911191111119519
11111111111111111111191111111 1191111111111111111119111
1111111111 111111111911119111111311111111111111 6111111911
1111191111, 1111111111111111111, 91111111119111911111119 1111111111,
1111 11111 1111 1111 1111111, 11111911611111111111111 911111, 111111

’1911111111911111111111111111119111,11111111111111,1111111
91111, 1111 11111 131131111111311113311 11111111

 

