32

333· Qut 6333333 333· 33333 33333333 3333 333333 333 33333333 uuit 3633333333
utet 3333333333333333 33333333 3333333 33333333 33 Qut) 333 3333333333, 363
33333333 33336 ’33333 3333333333 33333633333 333333 etQQuuutht ’3333
3333333 3333 6333333,

’ 633 33333333 Qube Q 133 1-36, 333333 3333 butte 63333 333· 33334
teu QQQe 33333 Q 13 C-Q 333 333· 33333 33333333 6333333333 Q, 2, ¹203.
333 333333 3333 63333333 33333 333333 ZQu'Ce3 Qu3 3333333 3333333333 33333333 333333
33 3333333333 6333333333 33333333 3333333 33 333 3333333333 33333 33333 3333333 3333

33333333 333333 3 etC 3333333 33333333 333 ,3333333 33333 3333333333 tut 33
333333· 3qu 33· 53333363 uQJuuu3 Q 3 2 63333333 3333 3 1¹ 333
uu 3333 3333363333 9 6 3333333 ’6333333 uu3 333· 63333333 633333
633333 3333 33333 3333 Qum 363333 tu 33333 33333333 333333 3333333
63333333333333333 33333 3333333 33333333 33333333, 6333333333 3333
33333 3933333 633333, 33333 3333 333333· 3333333 33 3333333333 3333333333 3336333
33333333 333 CuQ 33333 uu 3333 teu Quuue 33 33 333333 3333333333 333333 333·

33333 3333 6333333333 6333333 unu 333 333333 333 6333333333 33333 ,3333333333ς
3333333333 33333333 33 63· 333 tQuttu 33333333 3333333 3333333333 3333333333
3333333 333 3333333333 33333333 3333 6333333333 utut 3333333333 63· 33333333 3333333333·
33333 333 633333· 33 33333 3333333333 33333333 it ,33333333 Qut· 333333· 3333 33333333·

6333333333 6333333. 633333 6333333 33 333 Qut 3333 33 333 33333 333333 3333
6333363333 ὖ3333333633 33333333 3333333333 3333333333 3333633336333 3333
3333333333 3333333333 6333333333 3333363333· 333333333333333333 33363333
3333 33 hteQCth 33333 3336333 33333333 33333333333333 3333333333 333 33333333
v 3333333 3363333333 33333333 3333333333 33333 333 33333333 unu-3 333 333333·
333333333333333333333363333333333 33333333 3333333333

611 6-3 tut 333 cu QQuuQ 1330 3333 buu 3333333333
633333 33333 333 63333 13 333333 6633333333 33 3 63333336
633336 Qut) 3333333333 33333333 333· 63333 3333· 6633333333 33333 3336636
33333333 333 633333633333333 33333 3336 333 3333633333 33 63333
Qu 333333 33333333 3336333333 63333333, Qut 333333333333333 33333333 3333333
3333333 3333333336εῇ33 6333333333333333 333· 3333333 3333333 uiuet-nutu
3333633333 3333336333 633 3333333 3333633333 33333333 3333333333 33333333
33333333 33333 33333 333 363· 3333333333 3333633333 3333333333 6333333 63 3333
3336333333 3333333333 33333333 333333 3333 33333 3633333333333
3333333333 333333 333· 333 333333 Qu 33333333 3333333 33633 33 3333333· 31th

 

