29,

28 16-19 33333333 3333333333 33333 [3333 3333333333 3333333333, [33333
33333 [3333333333 333 3333333333, ’

3312-[6. [[33 333 33333 3333333 Q] 333333 333 33333, 333· 33
33133333 333333 QQQQ 33 [3333333333 33333333 3 3333333 [3333 [3333333
Qua 333333 333 [333333 [3333333333 CQQQ 3333333333 33333 QQQQ
Ε333 333 3333. 3333333 3 33 33333 3[33 3333333333 33333 333 [3333333 333333 333
[333333333333333 3333333333 33333· CQQQQ. [[33 333 333333· 3333333333
33333 3333333333 33333 333 [33333333 333333 33333 33333333. [33333 333333 [333333
[33333 33333333 3333333333 333333 3333333 3333333333 3333333 111QQ1
3333 3333333333 33 33333 33333333 333333 3333 33 3333 33333333 33333 3333 3333 33333·

’ 33333333 33333 3333333333.. 3333 3333333 33333 33333333 33333 33333 Q] 333333,

33 33333 33 33 33 [33 33333333333333.

QQ [33 3333 3333 [3333333 33333 [ἶ33333333333 33333333 333333 3333333 333333
333333 3333333333333333 3333333333 3333333333.

Q. QT-QQ Q [33333333 3333 333333 333 3333333333 333333 33333 [333333
33333333 Q! [33333 333 3333 QQQQ 333 3333333 33333 33 33333333 333
[33333 333 3333333333. 3333 333333 33333333 333 [3333333333 [33333333 333
333333 3333 333 33333 333333 3333 3333333 333 33333333. ch 33333333 33333333
QQ 3333333 3333 33333· 33· 33333333 3333333333 333 3333 [33 3333333 33333333 Q Ἴ
33333333 [33333333 33333 3333333 33333 3333333333 333 33333333 333 3333333333
333333 3333333333 ben Ε3 33333 3333333333 333333333333333 33333
33333 333333 33333, QQ 3333333 33333 33333333 Qu 33333 33333 333333, 33333 =
33333333 333 33333 33333 33· 1QQcQ

333 3333 33333333333333 [333333 3333 33333 333333 33333 3333 33333 3333333333
[33333 3333333· 333 Qun 33333333 [33333 3333333333 3333 3333333333 3333333 333333
3333333 333 3333333 33333333 3333333 [33333333 3333 33333 3333333 33333333.

[330 Q.—1 Q QQ 33333 QQQQQQQ 3333333333 33
3333333 3333333333 CQ 3333333333333 333333 3333333333 3333 3333333333 3333 .
33333333 333 3333333333 33333 3333 333333 [3333333333 33333333 3333333333 3333333
3333 33333333 3333333333 3333333 333333 3333333 333333 3333333333 333333333333333
333 3333333333. 3333 333333 Q· 333333 3333 3333 333 [33333333333333 [333
333 333333333333 333 Qu 333333 [333333333333333 333 333333 33333 [[33
33333333 33333 [3333333 33333333 eure QrQQQ 33333333 33333333 333 3333333 =
QQQQQ 333 33333333 333 3333333· Ε333Ι333333333 333 [3333333 QQ 3333333

33333 33333333 Qu 33333 Q] QQ 33333 333333 333 333333 [33333 3333333333.
QQ [3333 3333333333 [[33333333333333 3333333333 3333 33333333 [533333 3333 333·
3333 33333333 [333 333333 [3333333333 333 QQQQ.

 

