555555555555555555
5155555: 5555555555
5555555
55555 55555555555555
5555552155 5555555555
ΞΞΞΞΞΞΞΞΞΞΞ 555555
5555555555555555555555
555555555 55oe 555555555v5 5.
5555555555555551
555555 555555555555555
55535555555555555
55555555555553555
‚5555535555555555
555555 555555555555
5555555555555555
55555555555555
ΞΞΞΞΞ 55 555555555
555555555 :255 55
5555555555555555555
Ξ 555 55555 5555 55555 ΞΞΞ
55555555555555551.
555555555555555 555
555555555555555555 555555
5555555555 55 5555555 55555555
55555555555555555555
555555 5555552535
{5555} ΞΞΞΞΞΞΞΞ
ωΞΞζΞῖΞΞΞέΞΞΞΞΞ
555 55555 5555555
55555555555555555
ΞΞΞΞΞΞ, {5555 555 ΞΞΞΞ
55555555555 55555555555
555555 555555 55555555
5555555555555555
55555 5555555 555
ΞΞΞΞΞ 55 5555555 {55555
5555555555 55555 {55 555555555

Ξ

 

