55

erubr 333 3333333, 333 3333333333 3333333333 33333333, 33 3333333
333 3333333 333 3333333, 333333 33333 33333 3333333 333 33333, 333333 333

33333333333333303 3333333 333333333333 3333033333 33333333, 333 ’

3333 33333 3333333 3333333 33 33333 333 3333333333 3333 33 33333 uQ
3333333333 3333333333 33333333, 3333333333 3333 QrQQ] 33333333 333
333 QQrbe 33 erCQuQQ 33333 3333333333333333 33333 QQnr 3333333
33 3333333333 3333333333, Qruu 33 33333 33 Qu 33333333 333 3333 33
333 333 3333333 3333, 3333 333 3333333333 333 3333333333, 333333 333·
3333333333, 33333 333 3333 3333333333.
er 33333333333333333 3333333333 333 333 33333333 333 333333 3333 3333 333
333333333333333333333 33333333, 3333 333333 3333 uerercuCtuQQQ 333 3333333333

333 333333 33.333 Qum 33333 33333 3333 33333333 33 3333333333 3333 303 3333333333

Quer- 333333 33333333 333333 33333333 rQQQQ 3333 33333333 3333, 333 QQrer 3333333 3333333
3333 3333 3333 3333 3333333333, Q‘Qur QQerr 3333333333, 3 Q. 3333333333,

2 33333333, 3333333, 333333 333333 3333 33333333333333 3333 3333333333333333333

ς333333 3333333333, ,
Q. 133-13. 333333 33333333 33333 03333333 333 3333333, 3333333333
3333 3333333 3333 33333 333 33333333 33333333. 333-3333333333 33333333
3333333 333 3333333333 3333 333 3333333 33333333, 333 3333333 3333333,
3333 333 3333333 333 33333333. Qnru Curru 333 33333 3333333 3333
Quum-2 3333 Q 3333 Qr 1ther 3333 3333 33333333 3333333333 333·, Q11:
3333333333 3333333333 33333 33333 33 33333333 33 ercQQc 3333333333 erQrQ
03333· 3333 33 333333 333 0333333333 333333 33333, 3333333333 333
333333
, 33333333 333333 33333333 33333 333 3333 33 3333333333 333 333 QreQr 33333333
33333333, 3333333 3333333333 3333 3333 3333333333333333333333 3333333 3333
33333333 333333333333333 333333 3333333333333363Ι 333 Ι13333333 333 33333 3333333
33333 3333 333333303333333333 33333 33 3333333333 1&er
33333333 333 333333 33333333 333 33333333 333333, 333 33333 3333 3333333333 333
¹ 3333333333 3333333333333, 3333 3333333333 33333· 333 33333 3333333333 333 33333
2 3333333333 3333333333 333 3333333. Quin 333 3333333 3333333, 33333 333
33333 333333333333333 333333.
⁵ Q 1840.- 333333333333333, 3333· 333 333 3333333333 3303333333
333 3333, QQ'QQQ 33 33333333, 333 3333 333 33333333 333333 333333 3333, 33333
33 333 03333333 33333333 333333 333 0333333333 333 333333 3333333 33333
333333 33333 3333 rheu 333 (333333 33 33 Q.11Q1Qr 3333333333 3333333
333 3333 3333333 33333333, 3333333 33 3333333333 3 3333333 Qruu

 

