82

22222 22222 222222 222222 22222222 222 222222 2222 222222 222 222222 22222222 222

22222222 22222 22 22222222 2222222 22222222 22222222, 2222222222 222
2,2222 2222222222 2222222222 2222222 22222 22222 2222222, 22222222222 22222

2224122222 22222222 22222222 22222222 22222 22222222 222222 2222222222222 ,22222 ⁴
2222222222 2222 2222222· 22222.

Θ22 3.ss Qu QQ1Q11 222 222222 22 22 QeQQeQQQQ 222222 2222, 22222 22
22222222 22222 222222, Q11Q1Q11Q1 222222, 22222222 222222 22222 2222222222
Q:Q1n Qu 22222222 222222 22222222 22222222222 2222222 2222222222 22222

22222222 thQ 22222222 22222 22222222 2222222222 22222222 2222222 2222222222 22222
222222 ,22 2222222 2222 QQ111Q2Q 22222222, 22 2222222 2222 QQQQQQ=
2222222222 22222 222 222 1'11 22222222 22222 2222222222 22222222, 22222
2222222 2222 2222 2222 222 22222222 222222 222, 22222 22222222 22222222 22222
2222222222 22222222, 22222 22 222222 222 222 QQQQ 22222222 222 2222222 22222
22222222 2222 22222 2222222 2222 QQQQQQ: Qu 22222222 2222222, 222 (2222
222222222222222222 222 22222 222222222222 222222 22222 22222222222222
22222222, 22222 2222222 22222222222222222 QQQ unQQeQQQQQQeQQnQQ 2222 22222222
222· 2222222 222 22222222 2222 QQQ111 22222 222 22222 22222 QQ1Q1 QQQQQQ
222 22222222 22222 QtaQt. 22222 222222 222 222 222222 32222222 2222222222,
222 2222222 222222 22222 222222 22222, 222 22 2222222222 222, 22222,
222 222222 2222 (2222222222 222 22222222, 22222222 222 2222 (22222222 222 222222
222222 222 22222222 222222 22222222 222222, 2222222222 22222222 2222222222222
2222 2 222 222222 222 anue 22222222 2222222 222222 222 2222222 222222 22 22222
222 2222222222 2222 222 22222,

QQQQQ 222 22222222, 222 ,2222222 22222 22222, 2222 22 2222222 2222 22222
2222 22 2222222222 22222 222 2222222, 222 222 222222 2222222222
, 2222222 2222 2222222 QenQQnrt 222 22222222 222222 22222222 22222222 22222222
2222 22222 22 2222 222 22222222, 222222 22222 222 2222222 222 2222
2222222 222 222 222,2222 222222 222222 22222 222 2222 2222222222 2222222222 222
2222 2222222222 22222 222 22222222, 2222222 Q11111· 111Q1Q 2222 2222222222 222
222222 mir 22222222 2222222222 22222222 22222222 QQQQQQQQQQQQQQQQ
Q1Q 1111Q11 2222222222 2222222222 222222 2222222222 2222222 222, 22222222
2222222222 QQ 222 11 o11Q1QQQQurrc111011111QQ11 222
222222 22222 2222222 2222 222 2222 22 22222 22222222 (22222222, 22222 22 2 222 2222
222222 QQ 22 22222 22222· 222 22222, 2222 222 2222222222, 222 22222222
22222 2222, 222222 22Ι2 222 22 22222222 2222222 ν222 222 2222 22222222 2222
222222 222 22222ςῖ 2222222222 2222222222 222222. 22222222
222 22222222 Q1· 222 2222 22222222 2222222222 22222 22 2222. 222 222222 222222

 

