17

11,,1121-11,1,1 1111111111 11111 1111111111111111111111111
111111111111111116111111111111111,1111111111111111111111111111111
61111 11, 1111111 11111 111111111111 1111 111111111113111111111111111111111
1111111111111111111111111111111111]11111111111111111111111111
1111111111111111111111111 1111111111111111111111111111111111111
1111111111111111111111111 1111111111111111111111111111111111111111
1111 111111211111111 1111111 1111111 11111 1111111 1111· 1111111111
1111 1111111111 6111111111 1111111111, 1111)· 111111 11111111 11111 111111
11111 1111, 11111111 111111 QQanbe

ἡ (1111111 111111 1111111111111111111111111111111111,11111φ1111
. 1111111111 111111111111111 11111111Ε1111111111111111 1111111116 111,

1111111111111111111 1111111111 1111111111 1111111111111, 11,, 1111111

“ 111111 111111111111111111111111111111111111111111. 6111111111
J 111111111111,111111111111111111111111113111111111111111111111111
111111111111111111111111111 1111. 1, 2-6 111111 1,1 11111111 111111

1111111111111111111111111111111 111111 11Ε1111111111111 1111111111 1111111.
212-(1111111111111111111111101111111111111113111·
111111 11111 1111111 11,1 1111111111111111111111 11111111111111111
1111111111(111111111111111111111 1111111111111111,1111111111111111111
111111 11111 1111111 111111111 111 11111111111111 11111 1111111 1111111111, 11111
111111111111 1111111111111 1111111111111 1111111111111111111
11111111111111Ε111111111111111111111111111111111111111111
ς111111111111116111111111111111111111111111111111111111
1111111111,111111131111111111111111111(111111112111111
Qinn 111111111111111111111111111 1111111111111111111111 11111 111111
1111111111111311111111111111111111111111111111111111
1111111111111111111111 111111111111111111111113111111111

1111 1111111· 11111 11111111· 3111111111111111 ,1111Ε1111111111111111111ι
111111 1111111

¹ 11111111111111111111111 11111111111112 6 11111 112 2 4.th
1111111,11-1311111111111111131111111111111111111111111111

111111111211111111111111111111111111111111111111.11111111

“ 11111111 111-1111111112111111111111111 1111 111111111Ε111111

1111111111111111111111111111111·1111111111111111,111111111111111111111
111111111111111 11111111111111 111111111111111 1,1111 1111111

ζ 1111111111111,111111111 1111· 11111 1111Ε111111 11 11111 11111 1111 1111111 1111111

111111111111111111111111110111111111111111111111111Ε11111,
·),

 

