13

11111 11111 1661· 1111 11111111 1111111111 1111111111, 1311111 1111 Θ111111111
11111111111111111111 11111111111111111111111111111111 11111
11111111111111111111111111111111111111111111111111111111111111111111.
1111111111111111111111111111111111111111111111ῧ111111
3116661136611113'3'116 1111111 1111111 1111111111111111 313611116 111 11111111 1111
Θ11111111 1166 1111111111111111111111111111111,
Q6661161 111· ‘6631 111 111 6111 1111111111 1111111111 1111111111 1111
1111111111 1111111111 3611 6113 666 6'3'663166636666 111 11111111111111111111111
“ 111111111111111111111111111111 111111111111111111,]11ε1111111111111111
3166 111 1111111111 11111111111111111 111111 1111 11111111111111· 11111111
11111111 111111, 1111 11111 36636 1111 11111 11111111 1111, 1111 166 61161
0111111111 11 111111 1666· 363: 1111111110, 1 1111111111,

› 11111111111111111111111111111111111111111111111111 3616 361

11111111111111111111111111111111111. 11111111111111111111111111]

, 1111111111111111111,11111111111111111 1111111111111111111111111111111111111111,

111111·1111111111111111111111111111111111111111111 1111111111 1111
11111111 1111111111 11111111111111111111111111111ὓ1111111111111111111111111111
1111111111111111111111111111111111111,111111 11111111 1111111111 661
111111111111111111 613 361366 1111111111111111 11111111 11111111, 3166116
1111111111111111 6111111111111111111 31111336111, 11111111111111111111111,
111111111111111111111111111111111111111111111111111111111111 11
1111 111 1111111111 1111111111 11111 1111 1111111111 1111111111 1111 1111111 1111111

’ 1111 1111111111111 &6116 36 1111111111.

Α. 1111111111111111111
111-111, 1-10, 6,1-13,1111111111111111111111111111111

v 1111112,1-11111111111111, 1111111111 1111111 111111111111111111, 111111
‚ 111111111111111111,11111111111111111111111111111111111111
f 11111111111111111111, 111111 111111 1111111111 111 111111111111111111 111 111

111111111111 111 1111111111 11111111, 111 111111 1111111 11111111 11111, 11111
111· 1111111 11111 11111 1111111111 1111 111 1111111111 1166 1111111111111
11111 11136113'3'66 111111111 111 11111111,11 111 11111111 11111 Q6116 161163 111 111 1111
11111111111111111111111111111111111111111111111111111111111111111
111111111111111111111111111111111111111111111111111111111111111111111]
1111111111 1111111111111 1311111 636. 1111111111 18, 15 11,

 

