45

ἶ 999 9993999939393933999393999993993999. 9339939999 3939993 999 99939399 ς9993
9 99999 999 999999 3993 999993 999 9993933999 9999 9993993999. Qie 99939339
999 399999 99 999 999399 99939999 399999. 399399 99939 393 9339999999,
999 69939 99339939999999 9999 99999999 9999939399 9999 939999 999 39399
999 3993999 999 &Q 999 9999999993 999, 99993 99999 993939 9933999993
39999 999 99939999 39999 9999 999 9939339999 39399399 3993 999999 993 39999
699993 9999 99339999993999 393 9999999· 9993 9939339993 393993 999 9993933999
99999 9999399999 99999 399399 99999 9339393939 9999999993 99993 39 993 9939339999
99999 39999993 999 9333939399 99999399 99999. 99999 39939 999 9993933999 399399
99939999 3993 99993 9999999 999999· 99 999 999393 999 999999. 99993 3999999
Qube 999999 3999 999399 9999999 999999 999 9933999999399 9939939, Qie
99333999 9999999 399993 9993933999 999939 9939939993 99993 9999999993 999· 999399
99399999 399 9939339999 993 9993939993 999399999399993 399993 999
99939339 9993993 399939 999999933999999 999993 9999999993993 9999399999939999 999
99999999 9999999393 999 339 3993 999 9999999339 99 99 99 99993 999
999 3999 9993993993939 99993 9 9933 999999 999999 99999 9999 993399 999399

3999999393 99393999 99 999 999 339 99 99 Qu 9999399 939 9939399 99939 99999

999 3939999999 9993 3939 99393 999 9993 999 9999399999 999 9999939339 999 999
9999939 99 99 99993 39999 993 99999999 9993 99999 99999939 9 999 99999 99399 9993939 393
3999 9999 9339999 999939 ,9399 99 99999993 3399999999 999 99999399
993999 99 9993933999 999 ῦ999939999 999 999999 9999 3999999999 99999 999
9,.9999 (9999393399 9999939939 9999999993 99939399 99939999 999 99939339 99 etz
9993999 999999 99939339 999 999 9999999999 3 993 999 9399999939 93939 99999 93999
999 9999399399 9999939 999 999999 39 999999 999999 939 999 39 999999
9999999399393999999 399 999 9999999993 999 9999939 999 9999 99999399 9999

, 99999999,

Q. 5-10. 99999 99 999399399 999 99993399· 999 9999 99999993 999
999 &trum 9999993999 9999 9999999999. 9999 99 3999999 999 39993393 99
39399999 9999 999999999 999 99999 9939339993 999939 999 (9593993 9999
9999999. Qie 99999399 999 99993 9999 99399 999 999993 999 39999 Quat:

3999 999 99999 9999999993 3993999999 999 9939399999. Q 3993399 999
39393993 99 99999999 9993 999939 999 9999399 99 9999 9999 9999993993 9999
999 999 99933 993 999 399939 999 99933999 9999999999 999393999399,
gu Qshanb 999 9999999 999 9999999999 3999939939 99 39993399 9999 999
999999 999 9999339939 Qie (9999933999993999 393939999993 999
993999999 99 339999 999 (9999 9399

 

