,, Q„

21111112112111111111111111111, 21111111111111111111111111111111,
1111111111 1111 111111111111 11 1Ε11 11111111 1111111111 2111111111
115111555111511015111115115115151115111 11111111 111111111221111

1111 11111111551511151111 3111111111

2114 111111 11111111111111111 111111111111111111,
515155151 11111111· 1-111111 111 1111 11111111 11111111 511? 1121111

111111111111111,1111111Ε111111111111111,111111θ111111111111η11111111111111

5111& 11111111 1111111111 11 1111 Q1511 1111 2211111111

211111111111111111111«11111111111111111111111111111111,1111
11111111311111112111111111111111111111Ε111111111111111111111111111111111

1111111111 1111111111 5111· 511 111111111111211111 =

111111 11111111111111111111111 11111 11111111 12211111 1111111111,

212 13 Q11111 1111111551555155511 11111111Ε 11111112· 11111 1111111111
11111111 1111111,11111111111111Ε111111111111“111111111111111,1 511 111 111111
2111111111111111111111 211111111111111111 551155151151111111111151151'5111511

111111115511551'1155 515551511'1151 11111111112111111111Ε11111111111

111111Ε111111111 11111111, 11115111115515151111 Q15111115111111115¹
111111111111111111111122111112111111111111111,111111111111111111
1113111111 Ε 1111111 2111111111111 11111111, 11 11111111 111111 1111111111,
22111111 1111111111 11111111 1111111 2111111111 1111211111 111Q11
111111111111111 11, uu515555511 1111 11111111 11111111 111111Ε1111111111111111 11
1111111111111111111111111111111111111111111.111111111111111111111111
111111 11Q115151 11112111111111 111111 11111112111111α111 11111111 (Qu
11111111111111112111112111111121111111 111111111111111111111
111 1111151 1111111,111111112)1111111, 11111 11111111111111111111111
Q11515151155111515111151551511151111115115111115155111151151111111551
2111111111’ 11111 21111111 2111111111 11111111 11211 1111111111111 11121111 2111111

1111111111111111121111111111111111 1111111121111 511 2111111111.

Qic 2111111111· 1111121111111111111111 11112111 1111111111 111111111111
1111111111111211111111111111111112111111111· 1111111411 111211111111111111 111
21111111111Ε111111,111111111111111Ε 1151511 1111112111
211111 [51111115151111511 11 1111 111111 15 21111111ω111111111311111 5111 1111111

1111112111 1111111111 111 111 111 1111 111· 2 10 1111111111111111111111
’1111111111 1111111111111111111111111111111111111111111111111111111111111
1111111111111111111111111111111111121111111211211111111111 11111 111
1111111 111, 1111111111 1111112111,111111111111111111111111211111111·1

 

