81

311111111111111111111111 111111111111111,111111111111111111111

32 11111 11 11111111 11111111111111111μ 111 1111111111, 1111111 111111
'³ 1111111111 1111111111 111111111111111111 11111 11111111 111111111111

11111 1111111111 111111 11111 111111 111 61111111 11111111 1111111
111111111111111111111111111111111111111111111111111111111111ι
ἱ, 111111111111111113111111111111111111111111111111111111111111111
j 111111111111111111111111111111111111111111111111111111,

111111111111111111111111111111111111111111111111111,111

3 111111111111111 1111111111, 1111 111111111 11 111 1111111111111111111, 11
[ᾗ 1111 11111 1111111 11111111. 111 1111 1111111111111111111 1111111111,
111 111 111111 11111111 11111111 1111111 111111 111 11111 1111111111
11111111111- -1111 11111111 1111111, 1111 1111111111 1111111 11 11
111111,11111111111111111111111111111111111111,1111111111
Ῐ 1111111111 11111111111111 1111111111 1111111111 11111Ε11111 11111
J 1111 1111111111 1111111111 1111111111 1111 1111111111 Ε11111111, 111

11111111 111111 111 1111111, 1111111 111 111111, 11111 111 1111111,

(1111111111111111111111 111111111511111111111111111111
111111111111111111111111 111111111111111111111111, 11111
1111111111111111111111111111111111Ε11111111111111111111111111
QIJren 1111111111, 11 1111 111 11111111 11111 11111111111111111111111111
31111 11 111111 11111111 111 11111 1111 11111111 11111 111111, 111
11111111 111 111111111111 1111. -1111 1111 111111 1111 31111111 QJJet
11111111 111 111111 1111111111 111 11111111111111 1111111111, 111111 1111
1111111111 11111 1111 111 111111 1111111 1111111111 1Q1i1111111 11 1111111111
111111111111111111111111111111111111111111111111111
11111111111111111111111111111111111111111111111111111111111111
11111111111111111111 11111111 111111111111111111 11111111 111 1111511111
111111111111111111111111111111111111111111 Q11111111
111111111111111111111111111111111111111111 11111111111111111
11111111111111111111111111111111111111111111111111111111, 111111
Ε11111111111111111 1111 11111111111111111111 1111111111 111 Q11J
11111 11111, 1111 11111111 11 111111111111,1111111 1111111, 1111 111 11111
151111111111111 11 111111, 11111111 1111111. 1111 111111111111111Ε1111,
1111 111 1111111111 11111111111111 1111 111111 11111111 11111111 1111114
1111 11 11111 111 111 1111111111111 1111 1111111111 111 11111 1111111
1111111 11111 1111 1111111 11111111, 11111 111 111111 111 11111111 1111
11111, 11111, 11111111 111 1111 111111111111111111. 11111 11 1111111111,
Q

 

