16

1111111111 1131111111, 111. 13-13 11111130-31311111111111111111
111111111111111111111111,

113 11,1“1113111111111111111113111111111,11111111111
3111111 11111111 11111111 1111 1 3111111, 111 1111311111 111111111 Q³³³
11111111111111111111 311 3111111111 1111113111 11111111 11111111 1111111111,
111111113111111111111111111111111111111111131111111 1311111111
311111 1111111111111 1111111131111 31111. 3111111111 11131111 1111111

1113111111 1111111111 1111111111 11111111 11111 31111111 1111111311
1111111 1111111111 111111 11111111 1111111111 1111111111ῌ

Q 1³— 15 Q 1111111111111 1111111111111 11111 11111111, 11113111
11111111111111111111131111311111111131311111131111111111
1111 11113111 111111 111111 1111111111 111111. 311 111 1111 11111111 11
1111111111111111111111111111113111111111111111131111111
’ 111111131111111111111113111111111111131111111ι ,1111111111111111
1111111111111311111111111311111113111111111111111111111
1111111111 Qu& 1111111111 111111111111111111111111111 1111111111 111
31111111 111 31111111Η 11111111131113111111111 3111111111,

311 111111 3111111111111 111 1111111 311111111111111 1.-111111 1116,
11111113111111 3, 3, 111111111111111 1111111 1111111111 111 1111 (1111111111,
11, 111-11, 111 31111 31111111 111111111111,11,13-33. 1111111111111111111
111 3111111111 Q. 31-3, 1, 1, 111 311111 111 1111111· 111111111111,

11. 13-11. 1111 3111111 11111111 13111111111 111 11111111 311111
1111111111111111111111311111 11111111 11111111111111, 1111111111 1111 1111
1111 1111 111 11111111 1111111 31111111 111 111111 1111111 11111111 1111 1311111 1111
1111, 111 111111 1111111111 1113111111 11111 11111113 111111 11131111111111
11111 1311111111· 3111111111 1111111111

311 1111111111 1111 111111 31111111 1111111111 1111111111111111111 3111111 11111111
1111111111 111 111111111111111111111 311111111111,111 111111 1111111 11111 111
1111111 11111111 1111113111

1113-23. 11111111111111111111111111· 11111111111111111

111,111311’1111111111,1 3111111111· 11115 11111 111111 11,111111 1131111
1111111, 3111111111 31111111, 1111111111 1,1111 31111111 1111111111 1113111
111 1113111111111111111111111311111111111 11131111111111 11 11111111111111111
111 3111111111111131111 1111111,1111111111 1111 1111111 11· 11111 11111111, 111 311111
1113111111111111111111111131111,’

11111 1111111111 1111 3111111, 1111 311, 1111.

 

