84

818 8111 313111181111 11811 313111 8111811181 1118 811111 11118 111
1111111 11813111 1131111

3 8113113.

811 8113111 818 8111111 8111111 13111111 4131-8. 8113311311111111
3131331,1813118811311118113111318181118 1—2 118 1111111811
1181 81881 1818131111131311181311311311313,1111118111 81813111 11113113111
118 31311111 11111111111111111111111118 811 811 11111111 111 8, 3-5 3118111113,
311111181118111113118113111881181313181111111,1118311131138111113311ε
11311111183113111111111.411μῖ11.813118111881881181311131111181131111
1111 81111111 111 41. 1181111311 113 8111 138111113131131111183131818.
188-6813111. “

4 41), 1-2 8113111, 1183111 1111111 8111 1833111113 1111118111
11181181113111113113113113113111113 31,81311111111811111131111 1111-
311, 8131813138 311118111881318111181131118811111831111
3111318 3111 1111311111 81118111 8111111111.
1111111311111111113111131113111111111131313131138111111111333111

11118 811 5111111 811381181811113181813111313113113

4434 81181811111181881111311811111118118131118113111
8111 813 81131111, 1811111811 811311 11111 811131111131111181111,

81188 81311 1111181 11138131, 31811 811311183111131111111181131,818
3118181311 111181 3111181118818811111 1133 111 813111 8111111. 8111118
1111831113883111181131111818131111113311181111111118111183111311331111111
181 3113131 1118111188 11111118 1131118131 3111811

81181111111811111811813111311131131311113111111811811331181113111111
111111111131111111311181 11118 8113111 18111111 8111111311 18113 11118 8111
8113. “

8 11ήὸ 8111811111331111111311 ,8118131Η 1118111111111111

4:44 818 3111 11131 1111118131118,1,111118 13813113 131 81111,11118 1114 311111

8111111113 11111 811 81111111 81 1311881 818 8118 111811111, 8118111111
1111111111 81811 18111311 81131118 8111181111811111.18113111,113 811111 131
818 8111 81 1111811111 81818118, 111111111818 111181 111111, 1811
818 818111 11111131 1111 81111 18 81311113 11 8111131111
81181111 11 811 111 1111113118 818 81133118 1113311113 11181 3111 11118111 811
81113113111111111131111133111,111111111131111811318111111111311111113 1311111,

 

