40

111Ε1111111111111111111111111111111111111111111111111111111111111 1
11111111111111111 11 11111 1111111111111111 111111111111111111Ι
1111 111111111111111 11 111111111111111111111111111111111111111
111111111111111111111111111111111111 11111 11111111111111111111111
1111111111 111 11111111 1111111111 11111 1111111111 1111 11111111
11111111 1111111 1111111 1111111 1111111111,
Q11 11111111111111111111111111111111’1111111 1111111111111111 1111111111
111 11111120 11111111111111111111111111111111111111111111111111
1111111111111111111111111111111111111111111111111 361 5 11111111
1111111111 1111111 111111,

b. 111111.

1’1 11111-1. 11· 1 11111111 111 11111 ς111111, 11111111
1111111 1Q1· 11111111111111111111111111111111111111 1111111111111111111
111111111111111111111111111111111111111111111111111111111111
111113111111111311 11111111111111111111111111111111111111111111111
1111111111111 1111111111 1111,1111111111 Q115 111111111111111111 11111111 1
1111 11111111111111111 1111111111111111111111111 1111111111111111111
11111 1111111111111111111111111111111111111111111111111111
1111111 11111111 11111111 1111111111111111111 11 11111111 111113111111
11111 11111111111111111111111111 111 1111111111 1111111 11111111
111 311111 11111 1111111111 1111 11111111 111111 1111 1111111111 11111111 11111
111111111111111111111111 111111111111111111111111 111111111111111,
Q11111111Q1155c11115111111111151'111111 111111111111111111111111111111
1111111 1111111111 1111111111 1111111111, 1Q1111111 11111111111111
111111 111111 11111 ,1111111111 1111111 1111 1111111111. Q11111Q1=
1111111111 111 1Q11113e 1111111 1111111111111111111111111 11’1 1111111111111
111 111111111111111 11111111, Q11111 111 11111111 1111 11111111 11111111
1111 1111111111 11111· Q1111111 1111111111 111 1111111111 1111 1111111111 ’
11111111 1111 11111 1111111 1111111111 1111111 1111111, 11111111 1111115
1111111111 1111111111· 11111 1111111 111111111111 11111 1111 111111 1111111
1111111111

111 11111111111111111111111111111-11111 11111111111111111111111111111
11111 1111111111 1111111111111111111111111111111111111111111111111111
111111 31111111 1111111111 111111111111111111·11111111111111111111111111111
111111Ἰ 1111111 11111111. 16 11111 11111111111111111 11’1 111 1111111
1111 1111111111111111111111111111111111 1111151.11

 

