311111

18

111111111111111 11111 1111111111 1111111111 11111111111111111

111111·11111111111111111111111111111111111111111111111111191111ῗ

¹ 1111111

0113311 11138-33 1111111111111111111111111 11111 11111111111111

(1111111111111111111111111111111111111111111111111111111111111111111111,1111

1131

1111111111 1111111111111Ξ1111111111111 1111ῗ1111111111111,

3 33 111111 1111111111 1115111111 111 1111111111
111111,1111Ξ1111,1111111111111151111111111111,11’111111111111111
1111111111Θ1111111115111111111111111111111111111111111111111111111111
11111111111111111111111111 11111111 11111111111111111111111111111
(1111111111111111111111111111111111 11111 11 1111111 11111111111111111 1111
111 11111111111111111111Θ111111111111111111111111 1111111111
1111111 1111111111111111,111Θ111111ζ11111,11 11111111111111111111,
1113C1313 111· C331111131 1113 1111111 11C1311 11111111, 1111111111
1111111111111111111111111111111111 C1133 11111111111111111 Cn
11111111 111 111111 111111, 111 111111 111 1111111111 1311 111· 1111
1111111111 111 111, 1111111 111 1111111111ῐῖ 311] 1111, 11111 1111111111·
11111111 11111 11111111] 11111 1111111111 1111111111, 1111, 111 1111
1111111111 111, 1111 11111 1111 1111111111 11111 Θ11111, 111 1111111111
111 1111 C113 111111 1111111111 1111111, 111 1111111111, 11111 11111111
[111111 1111 1111111 1311131333111313111 1111111111 111 Co
111 11111111,111111111111111111111, 111111, 111 1111 111111111111
11111111111111111111111111111111111111111111,11111·11111111’11·,
- 111 11 1111111111, 1111111 1111111 11111 1111111 1111111111 11111111111111
3131131 1113 31113131111 3'311131: 311· 1111111 1111111 (11 5111111111)
11111111111111111 1111111111111111 11111 1111 1111111111 111111, 1111
1111111 1111111111, 11 11111 1311· 111111111111111111111 11111, 111111111
11111111111111111111111111111,1111111111 1111111111111111

1111111111111111111111111111111111111111111111111111111111111111111,

111111111111111111111111111111111 11111 111111 11111111 11111111,
1111 1111 11111 51111111 11111 111111 11111 11111111111111, 13 311 11111112
3111? 11111111111111111111111111111111111111111111111111
1111111111 111 111111 11111111 111111 111 C13111 111 11111 311
3111'1111 C1113 11111 111331111331111111111111133'1313111111131· 111111
111111 1111111111 11111111 11111 111 1111111 11111111111111111 1111111,
111 1111 1111111111 1111111111111111111111 31131131111111311111
11113 311 1111111111111111111111111111,1111111111111111111111111 111111
1111111111 11111111111111111111111111111111111111111111111

 

