92

111111111111111111111111111111111,1111111111111,111111111111
1111 11111111111111 111111 11 444444‘v 11111 11111, 4444 44 11111 11111
11111111 111, 1111 1111υ 1111111111 11111 1111 111111 11111 1111111111
1111 111111, 111 11111111 81111111,11111 11111 111 11111111α11111111 444 3}
111111111111111111111111111111111111111111611111111111111111111111 ³·
1111111111111111111111111111,11111111111111 1111 1111 111111 111111 1,11
1111111 1111111111 111 111111· 4344 1111 1111 1111111111 11111· 111111
ε1111111111111111111,111111111111111111; 11111 11111111111111
11111 1111111111 1111 1115111111, 111111111111 1111111111 11111 1111111111 1111
1111111111111111111111111.111111111τ11111111111 1111 1111111111
111111111111111111111111Θ1111111111Η11111111111111111111
11111 Qube 111 4444, 111,11 111 11111 11111111 11111111 11111111 111111
11111111111111111111111111111111111111111111111. ”
111111111111111 11111111111111 1111 11111111111111111111, 111111
11111111 1111111111 1111111, 111 111111111111 11111111111111111111111111
111111 111111, 1111111111 1111 1111111111 11111111 1111· 111 1111111111 1111111.

2. 3111111111111.

Γ1111 11111 11111 111111 11111111 1111111 111 Q. 43, 8, 111 Q 11, 51
11111111111111.11,6.11111112311111111111111111111.111,21
11111 1111, 311111111111111111111111111111111 111111 1111111
11111111111111111111111111111111111111 1έ111111111111111111111111111111
1111111 11111 11111111111111 1111111111 111 44 11111111111111111 4444- 4444
1111111111ἶῦ1 111111 111 Α11111111111111111111111111111111111

{4-

448 43 111111111111111,11111111111111111111111111111
111111111111111111,1111111111311111111111 1111111111, 11111111
1111111111111111111111111111111111111 1111111111111111111111111 4444·
1111111 11111111 111111111111111111 1111 111 1111111111 111111111111111111
1111111 1111111111 11113111111111111 1111111111111111111 1111111111,
111111111111111111111(111111111111111111111111113111111
, 1111111 11111111, 1111 11111 11111111, 1111 1111 11111, 1111 1111 111 11111111
11111111111111111111111111111,1111111111111 1111111111111111
Q444 1111111111111111111 11111111 1111111. 8111, 1111111811 11111,
11111111111111111111111111111. 11111111 11111 1111 11, 1111
1111111111111111111111111111111111111111111111111111111

 

