V 616661166161. ⁴ ’

, 6661 611 1111661661666116611161166161116616 111 61111116616666616
³ 611-161111116111111161111111661111161661 61 1116161666111116116166

6116166611(66111161611611111116616’111616611661661661 40 66,
111 161111 61166116116111661111 1116 661666 6616 6111111166 61 6116 6666116661,
61116111616611116161111111166111616111116111111616111661611. 66
6166161111666611611611666ῠ61161116 1161111116111111, 61161111611111166
61111111611661161116611616616 116161116111611661161111111111161611

66161611Ι 11 61161616116111ᾖ 66166111 111161111111616 11616 61611611

ξ 111116 16111 6611661 111611161661161661116166611 111 11111111· 6661661111 611
J 6661166116116661611111 6161, 61 11616 611 6616161116 166166 111611

, 6116·Ι 1161661111 6116166611 66116616616111111 11116666611661 611116 11661666
, 611111111666111661611611111116116116111111111111111111616
, 6166 1111611611 (661161 611· 61661 6111611611 66161111166116 161 1161111611

66161111111116111 61666166116661611661 611 61666111 6616611 11666616.
6616166161111616 66161 616161116161611116161111 1116 611616111116116611
61111161161161161166116616116161661, 111616116116111611111616116611616111161111

611111166111661661111111616611 6111111661116616611, 1111611611

6111661611 661 1611166661 61666111 111616 61 61111 61111116161111161111116166
11666111 6666161666 6161116166. 6111 1666161616 6111616666661116666616611111
“ 611 1111661116616611 16616116 666 6111166611 111616661116616616111111166666161661.

611616616661611666611166161166161,11166616111161111111116611
121661161116166161661666111611116111111161166116 116116116116116
Q 11611661 1661166 11116111611111111, 6111111161661611611111111661661
11111111· 66116 616 1111161161 1116 1 6666161111 111 1161616

6611116111,
Q. 36-39.

6161 616611 11661 1161116616 6161161111 11166 11 116111661616111111
111611 111161161116 111111611111666611111611111611611616666615616166,
661 6161616111 11111111,11111111111111 1116666111 6161611611616161116616111

 

