15

C. 18-19, CC 1111111111 1111111111 1111111111 11111 1111111111 111
11111111111111111111111111111111111111Ε1111111111511111111111111111111
1111111111111111111111111111111111111111111111111111111111

C 1111 11111 21111111111111111111111111111111111111111111111111
[1111111111 1111111111 1111111 Α

CC 21,1111111111111111111111111111111111111111111
(1111111111Ε1111111111111111111111111111111111111 111 111111 111111
1111 CCCC 1111111111 1111 111111111111111 1111 1111111111111111 1111
1111111111111111111111111111111111111111 11111 11111111111111111111111
11111111 Ε11111111111111111 111111111111111111111111111111111
111111111111111111111 1111111111111

1122.1111111111111111111111111111111111111111111111111111
1111111111 111 11 1111111
Ε11111 CCC 11111111 111 11111 Ε111111111111 1111111111, 111111 1111
1111111111 111111 1111111111 11111 1111111 1111111 1111 C 1111111111,
111111 1 Ε11111111111 11111111 111111 11111111111111111
1111111111111111111111111111111111 81111111Ὗ1111111111Ε11111111Ε111111
Ε11111111111111Ε111 111111Ε1111111 CCC 1111111 111111111111111
11111111 11111 1111111111 11111 1111111111 CC 1111111111111111 1111 333:
1111111111111111111111111111111111111111111111111111111111Ε111
1111111111111111311111111111111111111111111111111111111111111111111
11111111111111111 111111 11111 111 1111 1111111

CCC. 1’-1 11111111 11111111 1111111 111 Ε111111111111 111111 Ε1111
1111111111 11111111111111 111111 11111111111111111111111111 CC 11111111
2 11111 CCC 1111111111111 1111111111 11111 111 1111111 1111111111111111
= 11111111,

111-11111111111111111111111111111111111111111111 111
1111111’ 11111111 11111111111111111111111111111111Ε111111111111111
111111 C 111 1111 (11111111 111, Can 111111 J33 111111 11111111 1111 1111111
111111111111 1111111.111111111111111111111111111111111111111
¹ · 11111111111111111111111111111111111111-111111111111111111111111
11111111111111 1111111111. 1111111 111111 1111 1111111111 1111 111 1111111111
1111111 111 11111 CC 11111 11111 CCCC 11111 1111111 1111111 111111 CC

11111 1111 CC
CC 1111111111 1111111Ε1111111111111 0 8-111 11111111 1111111111
1111111111 111-81111111112-1111111111111111111111111111

 

