*Q

119113311113‘13111113131111.

511 111113'3'41111531531 9444444444444 44449- 54 ,444444444 4444444 444444494444444,
. 1515111 115355151115311151111 91314114 4444444444 4444443444 44444 49444444 4444444444 1111311114 &11111111
1513511153111113111111119 4939—191315351515114153531111111511 311151111
’ 344444 4444444 111511 95415131 11115 9 5111-1 311111135411351191511511115
5114 3'5115 11515111131111151111119 111111111151111111 31 444444 434444 444944444444444
11115111 4444444444 4444444 1543. ..111511131943151115119533511111111951
11113113111111911131311151191511-1111111341131131111‘313
44444443 191131553111113 511911115531511311111111

4913511911111111.

551311511111 4444444444, 5111111113111111111191111 49,,
2³. 4444 944444 444444 44 444 4444444 94444 443 44 4444444444· 44444443
5111 94444 54 444, 3. 541 994444444444444444443 9511114 345111911511111115 13111111
1111111 44444444 944444444444, 9. 51.

14.

94444 444449 444 153545511 4444 511 11. 91131551115155 31111 444 44 ⁵431151 4444 511311
931151151111155115 51191153115511113355131554131551115155511151555551119431451151155
9411153151511'1111511114153111549.3151111111911111115111151111949
1151 44444 1314311151111111531 191111111 4444 34444444 444 11131311111111 11115 44444944
5341'5111'1133'15 1311941315111 444 344444 511531315311111111111115311111115535153 4444 944444
44444 44434444 44443 5115119 49 1111341111115191111435 9111111 111111133111131.

9415—3535115 11131115 4444 34444444, 44444 11111415111135531 944

4444444 151511 9444444 944 4444444444 1513 1115153 511119. 1111111111111 444, 44444

9111 115511315311131 444 4444 11 444444 111151111111 1411111 4944444 11111 9111111114351

44444494444444344444444444444 3143113111531531111111155135111191531551113152

1111 444444 515114511111 1131 11111115341 111515331111111111111115535 5111 9515

511151111311111951411· 511113 11111115143. 91 33111111153311 99151191111535

113151131111111111111111131111131131111113‘111355.

1511 91111151 444444 344444 1111. 444444 444 444444 1551 95119511151'135153
51111151 4444444, 11 13 444499 13319115 444 111 94444 11111 44944444, 1111 111111
111511111111 44444444444444444444444 4444443444 4444444344 11115 4444 511 511 944444
444344 4444 111115351111111111413111941115131533511331 4444444443 11511. 511 4443444
11111111311111 1111115115111 111111115131115111 11151'199131551'11 1111431
51115'3111131531 43 51593 111543111151111115111

 

