66

1’11111611161111116161116161111611611611161116111161,11111111111111
111611116111111116,111166111111111161616161111111111111
11161161111111616161161111111111 111· 6161111111 1111161 11161161 111 6111111

v 1111111111111111111111111111611111111111611111 1116111111,11111 11111111111111

1111111116161111111161111111116111616111616111111111,111111·
111111611111111161111111111611 1161116 11 1111 661161 11111 6166116116, 611
11111 11111 6116 11111 111 16111111 111111111611611116161111111111111111111111116,

6 21—22. 66111 111 1116111611 1111111111161111 11111111116111111111
6111111111 6111 16 61611 111 111 61611 11111 111 11111611 61 66
611611111166161161161111116111111111111111116111116111111111111
6111111111111116111111611111116111166111611616111111,1111111111116116
61611111111111111116611111116111111111111111116
116111 66611111111111 11111161111111, 11111111 16111111

116111 111 611111111611111111 6111616111111116611111111 61 111111111111111616
11116111116611111111111611111111111111 11111111 1111111 1111111116111611111611111
311161116111111111111111111611161611161111111611111611111111611161
111111111111111 11161 111111 11111 611111111161111111 11611111111111111111 111 6111611111
111116111111111111111111111111116111111111161161161111116161616161111.

1116111 11 61116111 6111111111 11111 111116111111161616111111,

111111 6111111 11161111611111 111 16111111 1111 611116111161111 11111

1111'111111 11111 11166161111116166111661116111,

61161111111111111111111 11111111111111111616161161111111111116116111161111
611161116111111111611111111161111 1111111116111111116116611

6. 2161. 1-1 6666 1111161111 11611111 11, 6111 1111111 11161,
111111611111611111111, 1111111111111111611111111111111,61111 1111161111111
1111111161111116111111111,611111·111116111111111111111111111161111

16111111111116111111111111111116 16111111, 11111616111116 6111·
66111166161161111116111111111161116611111611Ο1111111111111111

61111111111111166 11111116111111111111111111111111 661 6111

1116111111 1611-11111161 61111111 1111116111111111111111

6116111111 1111111 1111616616] 1111111 11111111 11111, 1111C1IJ111 111116616111121111

11,1111161111Ε11 1111 61611111111111161111111111161111111111111 111111

,61111111 1111 61161161111 1,1’1111166111 111111 11616111 1611

1111111, 6111161111111111111161 1161106111111166111161111111 1111116111 661

1111111111 61111111111111111

61111111 611161111111111111161161111111161111611111 611 1111116111
611161· Ξ1111161 81111111 1111 6611111 1116 1111611111111111111111111116166

 

