44. 2—5. 4114 11 1114111141 1411141 141141111111144111411111111 1111
111141111141111 14111 111 41141111 441144 11 4111 111114111144111111 1111,
11111 111 4114141111 411111 411 41141111111111; 1114111411 1111 111 411111
11111111 41111111 111 1411411111 1114111111 1414111111111144114114111
1111111111141111111111141141111111114111411111111111411141 111

. ’141111 01411111 111 11111 «1111111114 411111411111111111114111111
1111111111111111114111111111111111111 3111111111 1111411111 11111111
4111. 44111 111141 41111 111 11141111411111111111 11 11111 411111
’1141111111 111 Α411141 4111111 111 4441141111· 11114 41111111 111 1141114411
411114111411,

411 1111114 11114411 11411111141111114411411111 141 441141 1111114111141411111
411411111111414111111111111141411111111114411111411111441111111111141
11111111111111141111411111111111111111111111111114111111414111114111
1111411111 1111111111111111111411111114111141114 1111111 441141 1111 11111 411111 y
1111411111,

416- 44 141141141111441441111414114141411141111111β4
111111411111111111114114111111411111111144111111111111 411111
411411 144 1111441411411 4111141144 1411111111 11111 111111 11 41114111, 44111
411 441111111141114114111111141111111111111111411111411 4111111
41114111 114111 114414111114111111111411441411414114144114111111
11111111 111141111 11 11 1111411111 411 4111111 111111 11 4111411111114111 4411
411411141111111111141 1111114111411111 451111111411111111141 1111 1111144111
11111 1111114141111411111114111111114141114111111441411111
11111114411111111 41111111 11114111 1114 41111111114411 4111111111 1111141
1111 411414 1111114111111 1111 41114111 111 11141111411111 11111 1111411
1111141111 1111411 1111141411 111 41411111 11111 41111111 141111 11 1114141111
111 4111141111 111 11111111111111. 41441144 4411111111141111111111144114

1411141111 4114111 11114 11111 41111 1111 4114111114 411111111141111141

< 1111111111141111111111111114114114141141114114144111 11111111
111111111114111411111 111414 1441111111 1111111411 -41111111 1111141111
’411411111111411111111414114111411111141 41111114111111114114141111
11111141 414111411111 141141 4114111111 41411111 11111 111111
411 411114114141111441141 111 111111 11111111 1111111 44411111 111 111
41111 111 111 44111 41111111 1111411 1111,

41111 1111111111 411111 1111 1111111411141111111111 1141141 111 411
11111 11111 111111 1113111111141 411 111 111141111411411411111111 111 411
1111111111 1441411 11111111111 1111.

 

