6111611111111131111161111111111111111116111111 111111111111116111111111
11·,111 11111111111111111111 1111 6111111111 01151511010111 111611 101111
11·,111 1510115151'1 11161111 1111111111 61111111 61111111 11111 1116111111 1'5111
6111111111111111111.

3 6.-11 3 311111111111111111111161111111, 111116111111111111
611111131111111111151111616111111111111111111161111111
61111111311161111111111111111111111111111111116111111111
111116111161116111111111111111,1111111111111111111161111111111116111
11111, 111111 61111111111111111111161111 51111111116111111111111
511115515555111511 1111111111116111111111 5111511151551
61111111111111 6111 1511 1111515155111.
311111111111111611111111611111116111 01511511111 111155

i 1111111111111161111111116111111,11111161161111111 501151111
11111111Θ611111111611111111111111 1111161111, 5051111 1111161111111
“ 111111111161111111111111116111111181111 10111 511015 11155115155 0011

6111111111111111111111111 11111 1111111111 61 1111511‘15111501111
6 111-11 11111111111111111111113111111111111,6111611116,
’11131111111111111611611116111111111 111 1111111 111111 15'11 1111,
111'515111151115101151115 31500151501 1151511115115155111511
511515111 5115511115 0:355155 5505551 1115 151111115511 15105501511151515511
11115111111111111,61111111611111,1111111111111111111111111111111111,
551555111'1511150115 11111111 111111 111111 111111,[1
6111111116111111111111111111111111111111111111111111111116

515151155

’ 11.113-11. 6111111131111111611111111,1111111161111111111·
1111111161111111111111111111,1111111111 5111115111151101
11111111111111111111 11161111111111111111116111111111111111111111111
5011101111‘5101111 11111111111111113111111111111111

¹ 3111116 13 1111111 1515 ,11111611111111111111111111161111(

501011111011 515555511111551515 10115111. 611111111111 1111111111, 1111

’ 1111111111111111111111111111611111111111111111111111111611

111111111111111η11111611111111111111111111111111111111111111111111111111111111
11111 16111111111111111 11111111 611111111111,,11111111111111111
11111111111111111111111111ηῶ1 1111 111111111111 5155111051 11111105 11111
,1 61111161 111111161111111 1111111 1111111 151'15151 1111611111.

611-16.111111116111111111116111,1116111111
111111113111111111111111111111111 11116111611111 6111111. 1111

 

