18

1111111111111111,1111111111111111111115111111111131111111111111111111,
111111115111111111111111111111111111111111111

51111111 1111111111111111111511114 2. 11111111 1111111111111 1,11111
1111111111Γ11111111111112111111111111111111111111111511111111111111111
11111111111111,

2,

5115111112111111115.11111’1111511111111111,111111111115111111
1111111 111 111111 11111111, 1115111111211111111111113, 1411 11111111
1111111111 5, 1-7 11111 11111111, 11111111111111111 1111 11115111111111111111111
3, 5-15. 111111111111111111111511111’11158-23 1111111111, 11121111,
111111111111511111113,1,11111513 11511111 131115335313 1111111111
. 21111111111111, 8112111111 13135111 “ 11,24 3Ο,1 11111 ς11111 11111111111111

1111111 11115111 11111111 1111111112, 911 1111115, 15- 1611111111 1111511111111
1111111115111111111111111111111 5 1111111111111511211111111111111111
1111111111, 5 1»»’11 1111111111 111111111111111111111 ,5.8-23111
2111111111 1111 1115111111111 111 51111111111111, 5. 24-311. 111
1111111111112111111,111111111111111111111111115111111111111111
111,11111111111111111111,11111111111111111151111111111111111111115111
1111111111 1111111111 313553511'15151115'15 11111111 11111111 11511111111111111
11111111111111111111111111111111111115111111111111.

2111111111 111 111 11111 11, 5. 1111111111111 3111111111 111 1111111111
«1111111111,1111111111111511111111111111111113111111111111,1111111
1111211111111111111111111111111111111111111111111111111111111111111.

5 4-4. 1111 1111111111111111111111111111121111111111211111111111

1111111 11111111111121111111111. 5111111 5111111111 111111 1111111 21111111

1111 11111111 1111121111111111. 51 3155 11111, 11111111 1111 1111 51111111

11111 111111 111111 11111 111111111111111, 1111111111 1111111111 11111111111111,

111111111111111111111111 1111111111,111111111111,1 1111151111111

11111111111111111111111111111 111111 111121111111111118111 111 111111 11111

1111111111 1111511111, 11111111 11111 1111111111111111111 1111111111 2111111111,

11111 111111111111111111111 111111 311 1111111111, 111 1111 111111 1111111 11111111,

2111111111 11111111 1111 1111 511111111111111, 111 11 1111111111 111111

55-1. 11111 11111111111111111111111111111ᾓ11111111111111111121111

11111111 1111111 1551.35 1111111111 111 11111111 111 1111111 11111111 111111,

1111111111111111111111111111111111111111111111111111111111

1111111 1111111111111111 1111111111,Ι 51111 11111511111111111111 1111, 11111111

 

