96

1111111111111111 11111119111111111111111911111 111 Ε111111111 ”11
1111111111111111111111119111111111111111111111911111111111111111911111111 ὲ
1111 11111111111111111111 11 111111111111111111 11111191111111
111111Ε111111111111199111111111111111111111111111111Ε1111111111191111111
1111111 1111111111 1’. -111111111111 11111111111111111 11111111 111111 1111111111
111111 1111 11111 11111111111111 11111111 1111111· 1111111111111Ε111111 11191111 *³

111111 1119111111 1111111111 111111111 11 1111111111 11111 11111 1111111111 11111111
11 1111 111111 99111 111 111 111111111113111 1111111111111111111111111111. ’

3113 111 9111111111 Ε111111111111 1133 1111111111 1119111111 11111 111 1111
99191111 111111 1111 Ε111111 1111111111111 111 9111111111 111Ε1111111111 1111·
1111111 1111111111111111, r 3

3.

9111111111191111919 9 6331 11111111 11111 1111111191111111111 1111
111 1111 11111111 1111 11111111111111111 9111111111 9111 3311331131 11111111

Ε11111111 133313131 9111111111 11 Ε11111111111 111111199911111111 111111Ε11111111111 ἑ
111-111111119111111111111111111111 111111111111119911111 1111111111

111111 1111111111 11111 1111 Ε111111111111111111 19119111111111111 111111111911111111
310 16 111111111111Ε111111111191111111111111·1111111111111111111111111
31111 33 13:333: 1111111111111111 11111111 1911111 1111113111 1111
19111111 1111111111 11111111 11111199 93ω91 6 111111119111111111111111111111111
91111111 11111111 1111
111-11 11111111191111111111111111111111111111111111111111
11Ε191111111111111111 11111111 11111111111111111111111111119111111
11111111111111111111111111111111111Ε11111111111111111111111111111119111
111 1111111111 ·

911111· 1Ε1111 1111111 11 111111 1111 9111111 111111 111 91111111 11111111111111
111111 Ε111111111111111111 111 Ε11111111111111 111111 111111911111
11111111111111111911111111111111 111111111111191111111111111
1111111111111111111111111 11111111111111111111911111111111111111111111
1111 1111111 11111111,

111-11. 3911111 11 11111111 9111111 1111111 111 11111111 111
111 11111 111111 111 11111111 1111 11111 911111 111111 911111 111 1111111
9111111 11111 13333113311311113313331111, 1111 1111119111 911111111111111111
11111111 1111111111 1111 1111111111111 1111111111, 9115111111111111
1111111111 1111111 1111111 11111111911111111 11111Ε11111 11111

1111111111111111111111111111 1111111111Ε1111111191111111111111111

 

