“451 ,

1111 11111 1111131 1111 111, 111 333333 11111111111111111111111111
11111 11111111 111 1311111111 3333 11 1113111131 311111 1111111111, 3111
111111, 311111111131Π131111011111111111133 111 111111111111111
111111111111131111101311331311313,111111111
,1111111111111111,11111111111111311113111111111’11111111111111
33333333333333 1331111 33333 333333333 11111111. 11311111 1111111111
0111111311,111111111111111111131111111111113111
1111111111
11101111113111,11113”1113111111113111111111111111313113111111111111
31111113111111111111111, 111111 1111131111 11 1113111111 333Q333333333

1111111111 111111. Q33 Q3333 11 1131111111111113111 33'3 333333333 3Q333333333333

1111111131 1111 111111111111111111111111111 Π3311131111111111111111111 .

J Q3333 1111 333 33333333333333 111 1111111111 333 11111131311311313131311111,
111111 31131 111 11113111 111111 111111, 3333 1113113113 1111 1111111111.
’ 11111 1111 3333 111111 3111 1111111111 11111131 31111131 1111111111.

Q313 Q333333333 11111111101111111 111 8111111111 111111 131111 3333

1 11111111111113 1111 11111111.

b.
111111111111311111111113131311111111111111111111131111111

ἰ 1111111111113111, 111111111111111131131111111111111111111111111111 <333
] Q 35—25. 11111 111 333333333133333333 Q333333 311111 11111111111 Q333333333

, 3333 33333 1111111 1111111113 1111 1111113113 1111 1111111113 1111 1111 1111111

j 11111131.

Q35—25. 01111113111181111111113111111 (1113,
1111111113111111111 11111111113110111111131113131
,1111111111111111111111111111111111111113111111111111
11111113111111111111111111111111111111113111111111111131
11111111311111111111131111101111111131111111111
111111131111 11131113111111111111111111111111111111111
3333 3333333 Q333 111 1111111111 3333. Q333 333333 111 31111111, 1111111
111 111311 111111131111111111, 11 0113111111 1111113111 111111 11111111 ’
’1111311113111111111111101111, 33333333 1113 111 11111111 33333333.
1111 11 31111111 111 11111111 1131, 111 333 3333333333 Q333333 Q33333333
1111 Q33333 Q333333333333'3 3333. 3333 111 11111111 111 11111 11111111 1111111
11111 1111311111 33333 111 11111111 Q333333 1111 111111 1311311111 3111 3333
111 1111113111 11111 11 11111 3111111111 3333 111 1111111111 1111111111

3³³²

 

